param maxT := 72;
set A := 10 11 12 13 14 15 16 17 18 19 20 21 22 23 24 25 26 27 28 29 30 31 32;
set D := 0 1 2 3 4 5 6 7 8 9;
set C := 0 1 2 33 10 11 12 13 14 15 16;
set E := 3 4 17 18 19 20 21;
set W := 32 8 9 28 29 30 31;
set N := 5 22 23 24 25;
set O := 26 27 6 7;
set Out := 12 15 16 17 19 20 22 23 24 26 27 28 29;
set In := 32 10 11 13 14 18 21 25 30 31;
set H := 33;
param pa := 3;
param pd := 6;
param ac := 
	10	40
	11	30
	12	5
	13	30
	14	20
	15	10
	16	81
	17	0
	18	20
	19	10
	20	32
	21	99
	22	50
	23	40
	24	0
	25	41
	26	15
	27	0
	28	5
	29	35
	30	12
	31	15
	32	22
;

param dis := 
	0	0	0.0
	0	1	2543.1579275543054
	0	2	4606.804762152345
	0	3	13297.64824963306
	0	4	13283.821557474708
	0	5	3053.5747130383356
	0	6	4461.147909875123
	0	7	6591.289725926354
	0	8	9377.597305038062
	0	9	9619.554636786701
	0	10	2522.0792042095236
	0	11	3406.0838264182667
	0	12	1470.6780656392475
	0	13	2013.2657022698734
	0	14	3903.6396164398648
	0	15	5201.998485047597
	0	16	1502.2282503102113
	0	17	10802.577097135676
	0	18	17952.28338863886
	0	19	13835.552733114795
	0	20	14255.634568324356
	0	21	4777.171939691598
	0	22	5138.22069063099
	0	23	5138.22069063099
	0	24	11634.01558769278
	0	25	5138.22069063099
	0	26	10026.347277276112
	0	27	8865.34742603313
	0	28	10846.615606767664
	0	29	13582.188035186487
	0	30	10277.348706945282
	0	31	17098.023077372698
	0	32	9846.747110467817
	0	33	755.8519912655909
	1	0	2543.1579275543054
	1	1	0.0
	1	2	7108.6052953771
	1	3	10833.401440256783
	1	4	10822.367987240155
	1	5	4552.852756720693
	1	6	2602.008820057362
	1	7	4364.43037245964
	1	8	11920.409899454746
	1	9	12153.366162043927
	1	10	135.10014729482577
	1	11	864.4302220608348
	1	12	4013.242424354208
	1	13	533.7933563194437
	1	14	1360.5650269474977
	1	15	7675.573203646851
	1	16	3223.191670312114
	1	17	8306.948832781552
	1	18	15505.402142883486
	1	19	11508.516062353638
	1	20	11856.222549010612
	1	21	2305.697167977629
	1	22	7572.679564930732
	1	23	7572.679564930732
	1	24	14154.847703886791
	1	25	7572.679564930732
	1	26	7845.989660039606
	1	27	6737.153512382783
	1	28	13382.325357315949
	1	29	16102.87809050609
	1	30	12809.731380692536
	1	31	19620.517240414592
	1	32	12379.713740743156
	1	33	1787.6576681487252
	2	0	4606.804762152345
	2	1	7108.6052953771
	2	2	0.0
	2	3	17904.452998063814
	2	4	17890.598406330108
	2	5	5270.360382426481
	2	6	8963.894474521394
	2	7	11155.993745557123
	2	8	5030.637468529498
	2	9	5085.0072601899865
	2	10	7066.248081039587
	2	11	7970.770080633231
	2	12	3174.416100225941
	2	13	6593.094258017282
	2	14	8459.339483499762
	2	15	665.7569622425623
	2	16	4186.6849686012265
	2	17	15404.439603942361
	2	18	22557.30380061144
	2	19	18402.662792471263
	2	20	18850.716321175332
	2	21	9379.616913013351
	2	22	2846.2653792104347
	2	23	2846.2653792104347
	2	24	7528.67867287624
	2	25	2846.2653792104347
	2	26	14537.388926166046
	2	27	13361.472880963785
	2	28	6317.4283712135475
	2	29	8997.602650164745
	2	30	5732.2532856298685
	2	31	12515.663716141911
	2	32	5306.398188056633
	2	33	5349.795151726894
	3	0	13297.64824963306
	3	1	10833.401440256783
	3	2	17904.452998063814
	3	3	0.0
	3	4	54.293131163572326
	3	5	13933.44753137299
	3	6	9137.654087072493
	3	7	6905.726961324186
	3	8	22512.437011165694
	3	9	22871.1419619745
	3	10	10894.081523952342
	3	11	9989.39174923198
	3	12	14744.671634125401
	3	13	11329.920576383469
	3	14	9526.422839924817
	3	15	18492.724237066606
	3	16	14009.46429161353
	3	17	2581.935566025297
	3	18	4679.387855810993
	3	19	2122.7451647344656
	3	20	1480.242741826692
	3	21	8534.36249539964
	3	22	17813.06529576147
	3	23	17813.06529576147
	3	24	24505.267730689986
	3	25	17813.06529576147
	3	26	4331.16185130256
	3	27	5311.534731458621
	3	28	24085.856602021388
	3	29	26858.33732205034
	3	30	23531.816130686322
	3	31	30366.572147486073
	3	32	23100.58564936921
	3	33	12557.655547994225
	4	0	13283.821557474708
	4	1	10822.367987240155
	4	2	17890.598406330108
	4	3	54.293131163572326
	4	4	0.0
	4	5	13908.491467861717
	4	6	9116.358966080488
	4	7	6883.391173125099
	4	8	22493.364424592786
	4	9	22854.46204689551
	4	10	10883.638965552818
	4	11	9979.326093505773
	4	12	14729.851763738014
	4	13	11317.942384259097
	4	14	9517.394206425406
	4	15	18479.768817362976
	4	16	14000.78195818131
	4	17	2581.1154911889157
	4	18	4687.26468511197
	4	19	2073.732272628019
	4	20	1448.068492282303
	4	21	8522.397254406651
	4	22	17791.04713976252
	4	23	17791.04713976252
	4	24	24482.55697989607
	4	25	17791.04713976252
	4	26	4290.175364613709
	4	27	5275.8273676445615
	4	28	24068.714364531603
	4	29	26842.347778123487
	4	30	23515.171419900515
	4	31	30350.09997334924
	4	32	23083.955682118238
	4	33	12544.462085675625
	5	0	3053.5747130383356
	5	1	4552.852756720693
	5	2	5270.360382426481
	5	3	13933.44753137299
	5	4	13908.491467861717
	5	5	0.0
	5	6	4867.0453518461045
	5	7	7046.039918017491
	5	8	8834.88283047449
	5	9	9414.72067129228
	5	10	4619.872687497049
	5	11	5214.850154941381
	5	12	2989.684316295924
	5	13	4117.287719909953
	5	14	5659.674623748282
	5	15	5931.967118111753
	5	16	4408.559213585048
	5	17	11667.754902673152
	5	18	18411.827840842514
	5	19	14009.66017999188
	5	20	14628.345840913416
	5	21	6064.845409362559
	5	22	3994.4667619594543
	5	23	3994.4667619594543
	5	24	10607.062256399608
	5	25	3994.4667619594543
	5	26	10041.280296671854
	5	27	8869.012342491364
	5	28	10551.321157900536
	5	29	13381.68079420042
	5	30	10060.493191208068
	5	31	16801.173031641985
	5	32	9642.772745807197
	5	33	3354.1610370523085
	6	0	4461.147909875123
	6	1	2602.008820057362
	6	2	8963.894474521394
	6	3	9137.654087072493
	6	4	9116.358966080488
	6	5	4867.0453518461045
	6	6	0.0
	6	7	2238.624871299467
	6	8	13390.836153740913
	6	9	13798.227667775067
	6	10	2729.5438959235885
	6	11	2234.434958310293
	6	12	5798.912307242379
	6	13	2861.5215610116074
	6	14	2230.022645590688
	6	15	9592.691360254918
	6	16	5592.210157476813
	6	17	6807.813971636834
	6	18	13707.831433340913
	6	19	9449.711392732881
	6	20	9951.501619939352
	6	21	1702.0767480966263
	6	22	8677.041102765737
	6	23	8677.041102765737
	6	24	15372.842999699556
	6	25	8677.041102765737
	6	26	5578.133435058634
	6	27	4409.036054439541
	6	28	14999.391429905585
	6	29	17798.07337293125
	6	30	14458.705781745815
	6	31	21289.869120635543
	6	32	14028.613788502871
	6	33	3816.1647231928428
	7	0	6591.289725926354
	7	1	4364.43037245964
	7	2	11155.993745557123
	7	3	6905.726961324186
	7	4	6883.391173125099
	7	5	7046.039918017491
	7	6	2238.624871299467
	7	7	0.0
	7	8	15629.371790977319
	7	9	16029.68767426243
	7	10	4463.578971692686
	7	11	3662.221486331478
	7	12	7982.187981259029
	7	13	4772.808485149816
	7	14	3348.4800984062867
	7	15	11773.955892891294
	7	16	7564.379403042284
	7	17	4640.827009421672
	7	18	11469.889163392172
	7	19	7248.087276630036
	7	20	7718.515695443782
	7	21	2248.376117476331
	7	22	10907.755558643965
	7	23	10907.755558643965
	7	24	17599.6614808823
	7	25	10907.755558643965
	7	26	3482.211705127366
	7	27	2385.2858674117037
	7	28	17233.637551163352
	7	29	20028.117662170047
	7	30	16690.39026412135
	7	31	23523.407497728836
	7	32	16259.955918676153
	7	33	5894.631709841907
	8	0	9377.597305038062
	8	1	11920.409899454746
	8	2	5030.637468529498
	8	3	22512.437011165694
	8	4	22493.364424592786
	8	5	8834.88283047449
	8	6	13390.836153740913
	8	7	15629.371790977319
	8	8	0.0
	8	9	1118.1547732965241
	8	10	11898.519858087062
	8	11	12782.071054751977
	8	12	7909.4871591507
	8	13	11389.028670684926
	8	14	13280.484910440086
	8	15	4681.817576117027
	8	16	9196.187830944411
	8	17	20091.454769845102
	8	18	27098.10019719953
	8	19	22778.624986386643
	8	20	23334.36182118508
	8	21	14102.154214672708
	8	22	4845.033824155524
	8	23	4845.033824155524
	8	24	2621.052402089319
	8	25	4845.033824155524
	8	26	18825.260761380072
	8	27	17644.515464419666
	8	28	1802.592120706029
	8	29	4590.814258954812
	8	30	1492.8630699045198
	8	31	7966.384254866356
	8	32	1235.5987240551808
	8	33	10132.767441210408
	9	0	9619.554636786701
	9	1	12153.366162043927
	9	2	5085.0072601899865
	9	3	22871.1419619745
	9	4	22854.46204689551
	9	5	9414.72067129228
	9	6	13798.227667775067
	9	7	16029.68767426243
	9	8	1118.1547732965241
	9	9	0.0
	9	10	12119.438450897966
	9	11	13017.770696344132
	9	12	8152.076189670871
	9	13	11628.977534570005
	9	14	13511.537230880094
	9	15	4615.5713089886585
	9	16	9263.35344142643
	9	17	20408.546541638767
	9	18	27492.117327317235
	9	19	23233.026592846265
	9	20	23748.097010948553
	9	21	14389.47189933516
	9	22	5488.176151496772
	9	23	5488.176151496772
	9	24	3259.054572512511
	9	25	5488.176151496772
	9	26	19301.81396989593
	9	27	18119.08241742133
	9	28	1232.5483495775884
	9	29	4001.20369549869
	9	30	660.881066959345
	9	31	7496.285143820587
	9	32	230.54104370816646
	9	33	10373.64861276073
	10	0	2522.0792042095236
	10	1	135.10014729482577
	10	2	7066.248081039587
	10	3	10894.081523952342
	10	4	10883.638965552818
	10	5	4619.872687497049
	10	6	2729.5438959235885
	10	7	4463.578971692686
	10	8	11898.519858087062
	10	9	12119.438450897966
	10	10	0.0
	10	11	907.5026517745797
	10	12	3989.1289574839966
	10	13	540.6703232834542
	10	14	1393.2784360509386
	10	15	7627.10212081443
	10	16	3142.700442362285
	10	17	8360.994540972832
	10	18	15568.312894629882
	10	19	11589.782781340613
	10	20	11927.930964812986
	10	21	2376.5946702560914
	10	22	7581.600173146722
	10	23	7581.600173146722
	10	24	14147.009627219968
	10	25	7581.600173146722
	10	26	7943.653339834752
	10	27	6839.99029933912
	10	28	13349.298677662842
	10	29	16062.817398962125
	10	30	12774.958818284604
	10	31	19580.760214990496
	10	32	12345.306063334703
	10	33	1769.528850516057
	11	0	3406.0838264182667
	11	1	864.4302220608348
	11	2	7970.770080633231
	11	3	9989.39174923198
	11	4	9979.326093505773
	11	5	5214.850154941381
	11	6	2234.434958310293
	11	7	3662.221486331478
	11	8	12782.071054751977
	11	9	13017.770696344132
	11	10	907.5026517745797
	11	11	0.0
	11	12	4876.588514688238
	11	13	1393.1240903396438
	11	14	499.6527333777281
	11	15	8534.042230608233
	11	16	4032.392769831104
	11	17	7453.761742492772
	11	18	14664.909107101652
	11	19	10713.855309679853
	11	20	11034.309780472136
	11	21	1492.8509932338582
	11	22	8400.417516276155
	11	23	8400.417516276155
	11	24	15004.84952944679
	11	25	8400.417516276155
	11	26	7123.786326081171
	11	27	6047.505769490045
	11	28	14246.75542906657
	11	29	16966.120875768327
	11	30	13674.080419254275
	11	31	20483.881878961245
	11	32	13244.0900935204
	11	33	2650.2649475512926
	12	0	1470.6780656392475
	12	1	4013.242424354208
	12	2	3174.416100225941
	12	3	14744.671634125401
	12	4	14729.851763738014
	12	5	2989.684316295924
	12	6	5798.912307242379
	12	7	7982.187981259029
	12	8	7909.4871591507
	12	9	8152.076189670871
	12	10	3989.1289574839966
	12	11	4876.588514688238
	12	12	0.0
	12	13	3483.9215908812835
	12	14	5373.807246339011
	12	15	3794.561531818122
	12	16	1817.6001656243209
	12	17	12261.679257355196
	12	18	19390.072193207063
	12	19	15229.60306099155
	12	20	15677.509788766169
	12	21	6238.621983846794
	12	22	3822.0142846348494
	12	23	3822.0142846348494
	12	24	10191.116523440549
	12	25	3822.0142846348494
	12	26	11376.583822837869
	12	27	10204.27729458613
	12	28	9378.009006227023
	12	29	12121.333113083978
	12	30	8810.537142724736
	12	31	15635.543990369712
	12	32	8379.691285631383
	12	33	2226.5045075296543
	13	0	2013.2657022698734
	13	1	533.7933563194437
	13	2	6593.094258017282
	13	3	11329.920576383469
	13	4	11317.942384259097
	13	5	4117.287719909953
	13	6	2861.5215610116074
	13	7	4772.808485149816
	13	8	11389.028670684926
	13	9	11628.977534570005
	13	10	540.6703232834542
	13	11	1393.1240903396438
	13	12	3483.9215908812835
	13	13	0.0
	13	14	1891.5401151489891
	13	15	7167.32316050528
	13	16	2791.9925944680485
	13	17	8813.843491439831
	13	18	15997.366835034833
	13	19	11962.671298003024
	13	20	12332.321439458314
	13	21	2795.562786026864
	13	22	7043.9231954980705
	13	23	7043.9231954980705
	13	24	13621.09819672735
	13	25	7043.9231954980705
	13	26	8252.56585305803
	13	27	7125.363218192791
	13	28	12857.163873212945
	13	29	15583.57558181106
	13	30	12285.960255133225
	13	31	19100.746836534443
	13	32	11855.684407591034
	13	33	1257.4187737501632
	14	0	3903.6396164398648
	14	1	1360.5650269474977
	14	2	8459.339483499762
	14	3	9526.422839924817
	14	4	9517.394206425406
	14	5	5659.674623748282
	14	6	2230.022645590688
	14	7	3348.4800984062867
	14	8	13280.484910440086
	14	9	13511.537230880094
	14	10	1393.2784360509386
	14	11	499.6527333777281
	14	12	5373.807246339011
	14	13	1891.5401151489891
	14	14	0.0
	14	15	9017.753094620144
	14	16	4483.848222538954
	14	17	6981.182473174882
	14	18	14204.396275997418
	14	19	10296.512200142022
	14	20	10592.667435520805
	14	21	1110.8152417567499
	14	22	8896.206453837749
	14	23	8896.206453837749
	14	24	15504.305368488665
	14	25	8896.206453837749
	14	26	6771.63310343841
	14	27	5725.398282541158
	14	28	14741.009781181441
	14	29	17456.07897140708
	14	30	14167.391177511297
	14	31	20974.03070839036
	14	32	13737.599062758996
	14	33	3147.9903314713697
	15	0	5201.998485047597
	15	1	7675.573203646851
	15	2	665.7569622425623
	15	3	18492.724237066606
	15	4	18479.768817362976
	15	5	5931.967118111753
	15	6	9592.691360254918
	15	7	11773.955892891294
	15	8	4681.817576117027
	15	9	4615.5713089886585
	15	10	7627.10212081443
	15	11	8534.042230608233
	15	12	3794.561531818122
	15	13	7167.32316050528
	15	14	9017.753094620144
	15	15	0.0
	15	16	4663.760852183211
	15	17	15980.852086658488
	15	18	23152.49806604891
	15	19	19022.010854551387
	15	20	19456.782299583796
	15	21	9960.667740628545
	15	22	3272.344014993004
	15	23	3272.344014993004
	15	24	7245.443851463069
	15	25	3272.344014993004
	15	26	15169.406660791263
	15	27	13995.449596453009
	15	28	5841.857294217991
	15	29	8463.275215810161
	15	30	5248.162775424528
	15	31	11978.654370553075
	15	32	4829.894500824454
	15	33	5935.5954424018155
	16	0	1502.2282503102113
	16	1	3223.191670312114
	16	2	4186.6849686012265
	16	3	14009.46429161353
	16	4	14000.78195818131
	16	5	4408.559213585048
	16	6	5592.210157476813
	16	7	7564.379403042284
	16	8	9196.187830944411
	16	9	9263.35344142643
	16	10	3142.700442362285
	16	11	4032.392769831104
	16	12	1817.6001656243209
	16	13	2791.9925944680485
	16	14	4483.848222538954
	16	15	4663.760852183211
	16	16	0.0
	16	17	11457.105319278857
	16	18	18687.951388723424
	16	19	14731.444725735144
	16	20	15066.624310692529
	16	21	5517.969739774788
	16	22	5548.81553176476
	16	23	5548.81553176476
	16	24	11621.016758284406
	16	25	5548.81553176476
	16	26	11044.557292772444
	16	27	9915.264933696604
	16	28	10494.286525379046
	16	29	13121.898684517151
	16	30	9904.312387036567
	16	31	16633.691019287442
	16	32	9481.936638368785
	16	33	1838.2776172566798
	17	0	10802.577097135676
	17	1	8306.948832781552
	17	2	15404.439603942361
	17	3	2581.935566025297
	17	4	2581.1154911889157
	17	5	11667.754902673152
	17	6	6807.813971636834
	17	7	4640.827009421672
	17	8	20091.454769845102
	17	9	20408.546541638767
	17	10	8360.994540972832
	17	11	7453.761742492772
	17	12	12261.679257355196
	17	13	8813.843491439831
	17	14	6981.182473174882
	17	15	15980.852086658488
	17	16	11457.105319278857
	17	17	0.0
	17	18	7250.4703156502255
	17	19	3946.8119379656564
	17	20	3850.482478749666
	17	21	6025.54196542684
	17	22	15460.013139480703
	17	23	15460.013139480703
	17	24	22157.78269940792
	17	25	15460.013139480703
	17	26	3224.5689074109487
	17	27	3718.8142749888025
	17	28	21629.895632109394
	17	29	24382.946703919362
	17	30	21068.225311469123
	17	31	27897.039502972322
	17	32	20637.04345629456
	17	33	10055.124148032604
	18	0	17952.28338863886
	18	1	15505.402142883486
	18	2	22557.30380061144
	18	3	4679.387855810993
	18	4	4687.26468511197
	18	5	18411.827840842514
	18	6	13707.831433340913
	18	7	11469.889163392172
	18	8	27098.10019719953
	18	9	27492.117327317235
	18	10	15568.312894629882
	18	11	14664.909107101652
	18	12	19390.072193207063
	18	13	15997.366835034833
	18	14	14204.396275997418
	18	15	23152.49806604891
	18	16	18687.951388723424
	18	17	7250.4703156502255
	18	18	0.0
	18	19	4532.678340260379
	18	20	3785.150028554931
	18	21	13202.717516321904
	18	22	22348.579851007198
	18	23	22348.579851007198
	18	24	29017.0374992865
	18	25	22348.579851007198
	18	26	8434.180861565617
	18	27	9572.979485860353
	18	28	28700.141157884373
	18	29	31486.753989188528
	18	30	28152.993198413544
	18	31	34987.97895985458
	18	32	27722.11900686442
	18	33	17217.27860486009
	19	0	13835.552733114795
	19	1	11508.516062353638
	19	2	18402.662792471263
	19	3	2122.7451647344656
	19	4	2073.732272628019
	19	5	14009.66017999188
	19	6	9449.711392732881
	19	7	7248.087276630036
	19	8	22778.624986386643
	19	9	23233.026592846265
	19	10	11589.782781340613
	19	11	10713.855309679853
	19	12	15229.60306099155
	19	13	11962.671298003024
	19	14	10296.512200142022
	19	15	19022.010854551387
	19	16	14731.444725735144
	19	17	3946.8119379656564
	19	18	4532.678340260379
	19	19	0.0
	19	20	1063.1352497322425
	19	21	9221.200420023973
	19	22	17981.59890797197
	19	23	17981.59890797197
	19	24	24610.9361873259
	19	25	17981.59890797197
	19	26	3969.75910311337
	19	27	5141.386319624634
	19	28	24424.49984094096
	19	29	27234.23028431412
	19	30	23892.534327114085
	19	31	30714.06090850564
	19	32	23463.561508359788
	19	33	13128.32344988851
	20	0	14255.634568324356
	20	1	11856.222549010612
	20	2	18850.716321175332
	20	3	1480.242741826692
	20	4	1448.068492282303
	20	5	14628.345840913416
	20	6	9951.501619939352
	20	7	7718.515695443782
	20	8	23334.36182118508
	20	9	23748.097010948553
	20	10	11927.930964812986
	20	11	11034.309780472136
	20	12	15677.509788766169
	20	13	12332.321439458314
	20	14	10592.667435520805
	20	15	19456.782299583796
	20	16	15066.624310692529
	20	17	3850.482478749666
	20	18	3785.150028554931
	20	19	1063.1352497322425
	20	20	0.0
	20	21	9551.56841491854
	20	22	18571.578191600373
	20	23	18571.578191600373
	20	24	25234.559144880957
	20	25	18571.578191600373
	20	26	4663.130001509935
	20	27	5790.388205337285
	20	28	24950.831091732944
	20	29	27746.62304870545
	20	30	24408.76422284418
	20	31	31241.13320544268
	20	32	23978.386727633217
	20	33	13531.12230482648
	21	0	4777.171939691598
	21	1	2305.697167977629
	21	2	9379.616913013351
	21	3	8534.36249539964
	21	4	8522.397254406651
	21	5	6064.845409362559
	21	6	1702.0767480966263
	21	7	2248.376117476331
	21	8	14102.154214672708
	21	9	14389.47189933516
	21	10	2376.5946702560914
	21	11	1492.8509932338582
	21	12	6238.621983846794
	21	13	2795.562786026864
	21	14	1110.8152417567499
	21	15	9960.667740628545
	21	16	5517.969739774788
	21	17	6025.54196542684
	21	18	13202.717516321904
	21	19	9221.200420023973
	21	20	9551.56841491854
	21	21	0.0
	21	22	9580.070678340122
	21	23	9580.070678340122
	21	24	16248.759942524215
	21	25	9580.070678340122
	21	26	5661.096802759104
	21	27	4617.778945210732
	21	28	15613.49311798419
	21	29	18358.726552469845
	21	30	15048.45212220789
	21	31	21873.819236907533
	21	32	14617.454620800101
	21	33	4029.880594421949
	22	0	5138.22069063099
	22	1	7572.679564930732
	22	2	2846.2653792104347
	22	3	17813.06529576147
	22	4	17791.04713976252
	22	5	3994.4667619594543
	22	6	8677.041102765737
	22	7	10907.755558643965
	22	8	4845.033824155524
	22	9	5488.176151496772
	22	10	7581.600173146722
	22	11	8400.417516276155
	22	12	3822.0142846348494
	22	13	7043.9231954980705
	22	14	8896.206453837749
	22	15	3272.344014993004
	22	16	5548.81553176476
	22	17	15460.013139480703
	22	18	22348.579851007198
	22	19	17981.59890797197
	22	20	18571.578191600373
	22	21	9580.070678340122
	22	22	0.0
	22	23	0.0
	22	24	6698.243018197058
	22	25	0.0
	22	26	14017.955188343622
	22	27	12840.840445760352
	22	28	6584.358613880144
	22	29	9412.285083384917
	22	30	6118.353746507914
	22	31	12810.645391932816
	22	32	5711.783081655752
	22	33	5845.962674144173
	23	0	5138.22069063099
	23	1	7572.679564930732
	23	2	2846.2653792104347
	23	3	17813.06529576147
	23	4	17791.04713976252
	23	5	3994.4667619594543
	23	6	8677.041102765737
	23	7	10907.755558643965
	23	8	4845.033824155524
	23	9	5488.176151496772
	23	10	7581.600173146722
	23	11	8400.417516276155
	23	12	3822.0142846348494
	23	13	7043.9231954980705
	23	14	8896.206453837749
	23	15	3272.344014993004
	23	16	5548.81553176476
	23	17	15460.013139480703
	23	18	22348.579851007198
	23	19	17981.59890797197
	23	20	18571.578191600373
	23	21	9580.070678340122
	23	22	0.0
	23	23	0.0
	23	24	6698.243018197058
	23	25	0.0
	23	26	14017.955188343622
	23	27	12840.840445760352
	23	28	6584.358613880144
	23	29	9412.285083384917
	23	30	6118.353746507914
	23	31	12810.645391932816
	23	32	5711.783081655752
	23	33	5845.962674144173
	24	0	11634.01558769278
	24	1	14154.847703886791
	24	2	7528.67867287624
	24	3	24505.267730689986
	24	4	24482.55697989607
	24	5	10607.062256399608
	24	6	15372.842999699556
	24	7	17599.6614808823
	24	8	2621.052402089319
	24	9	3259.054572512511
	24	10	14147.009627219968
	24	11	15004.84952944679
	24	12	10191.116523440549
	24	13	13621.09819672735
	24	14	15504.305368488665
	24	15	7245.443851463069
	24	16	11621.016758284406
	24	17	22157.78269940792
	24	18	29017.0374992865
	24	19	24610.9361873259
	24	20	25234.559144880957
	24	21	16248.759942524215
	24	22	6698.243018197058
	24	23	6698.243018197058
	24	24	0.0
	24	25	6698.243018197058
	24	26	20641.205258836064
	24	27	19472.950292618352
	24	28	2710.4317602359715
	24	29	4135.883344569599
	24	30	3037.496684977111
	24	31	6759.1051838712965
	24	32	3183.720671451399
	24	33	12379.399984625466
	25	0	5138.22069063099
	25	1	7572.679564930732
	25	2	2846.2653792104347
	25	3	17813.06529576147
	25	4	17791.04713976252
	25	5	3994.4667619594543
	25	6	8677.041102765737
	25	7	10907.755558643965
	25	8	4845.033824155524
	25	9	5488.176151496772
	25	10	7581.600173146722
	25	11	8400.417516276155
	25	12	3822.0142846348494
	25	13	7043.9231954980705
	25	14	8896.206453837749
	25	15	3272.344014993004
	25	16	5548.81553176476
	25	17	15460.013139480703
	25	18	22348.579851007198
	25	19	17981.59890797197
	25	20	18571.578191600373
	25	21	9580.070678340122
	25	22	0.0
	25	23	0.0
	25	24	6698.243018197058
	25	25	0.0
	25	26	14017.955188343622
	25	27	12840.840445760352
	25	28	6584.358613880144
	25	29	9412.285083384917
	25	30	6118.353746507914
	25	31	12810.645391932816
	25	32	5711.783081655752
	25	33	5845.962674144173
	26	0	10026.347277276112
	26	1	7845.989660039606
	26	2	14537.388926166046
	26	3	4331.16185130256
	26	4	4290.175364613709
	26	5	10041.280296671854
	26	6	5578.133435058634
	26	7	3482.211705127366
	26	8	18825.260761380072
	26	9	19301.81396989593
	26	10	7943.653339834752
	26	11	7123.786326081171
	26	12	11376.583822837869
	26	13	8252.56585305803
	26	14	6771.63310343841
	26	15	15169.406660791263
	26	16	11044.557292772444
	26	17	3224.5689074109487
	26	18	8434.180861565617
	26	19	3969.75910311337
	26	20	4663.130001509935
	26	21	5661.096802759104
	26	22	14017.955188343622
	26	23	14017.955188343622
	26	24	20641.205258836064
	26	25	14017.955188343622
	26	26	0.0
	26	27	1182.7377237396915
	26	28	20485.37601828519
	26	29	23301.888029521935
	26	30	19960.024705088377
	26	31	26771.418560714246
	26	32	19532.31503775906
	26	33	9350.047558699487
	27	0	8865.34742603313
	27	1	6737.153512382783
	27	2	13361.472880963785
	27	3	5311.534731458621
	27	4	5275.8273676445615
	27	5	8869.012342491364
	27	6	4409.036054439541
	27	7	2385.2858674117037
	27	8	17644.515464419666
	27	9	18119.08241742133
	27	10	6839.99029933912
	27	11	6047.505769490045
	27	12	10204.27729458613
	27	13	7125.363218192791
	27	14	5725.398282541158
	27	15	13995.449596453009
	27	16	9915.264933696604
	27	17	3718.8142749888025
	27	18	9572.979485860353
	27	19	5141.386319624634
	27	20	5790.388205337285
	27	21	4617.778945210732
	27	22	12840.840445760352
	27	23	12840.840445760352
	27	24	19472.950292618352
	27	25	12840.840445760352
	27	26	1182.7377237396915
	27	27	0.0
	27	28	19302.90026830495
	27	29	22119.186410205628
	27	30	18777.310784950674
	27	31	25589.272629999323
	27	32	18349.584382544002
	27	33	8198.505619679345
	28	0	10846.615606767664
	28	1	13382.325357315949
	28	2	6317.4283712135475
	28	3	24085.856602021388
	28	4	24068.714364531603
	28	5	10551.321157900536
	28	6	14999.391429905585
	28	7	17233.637551163352
	28	8	1802.592120706029
	28	9	1232.5483495775884
	28	10	13349.298677662842
	28	11	14246.75542906657
	28	12	9378.009006227023
	28	13	12857.163873212945
	28	14	14741.009781181441
	28	15	5841.857294217991
	28	16	10494.286525379046
	28	17	21629.895632109394
	28	18	28700.141157884373
	28	19	24424.49984094096
	28	20	24950.831091732944
	28	21	15613.49311798419
	28	22	6584.358613880144
	28	23	6584.358613880144
	28	24	2710.4317602359715
	28	25	6584.358613880144
	28	26	20485.37601828519
	28	27	19302.90026830495
	28	28	0.0
	28	29	2830.4016827406394
	28	30	599.4538646423871
	28	31	6290.8477906128355
	28	32	1012.4492031815169
	28	33	11601.21833149055
	29	0	13582.188035186487
	29	1	16102.87809050609
	29	2	8997.602650164745
	29	3	26858.33732205034
	29	4	26842.347778123487
	29	5	13381.68079420042
	29	6	17798.07337293125
	29	7	20028.117662170047
	29	8	4590.814258954812
	29	9	4001.20369549869
	29	10	16062.817398962125
	29	11	16966.120875768327
	29	12	12121.333113083978
	29	13	15583.57558181106
	29	14	17456.07897140708
	29	15	8463.275215810161
	29	16	13121.898684517151
	29	17	24382.946703919362
	29	18	31486.753989188528
	29	19	27234.23028431412
	29	20	27746.62304870545
	29	21	18358.726552469845
	29	22	9412.285083384917
	29	23	9412.285083384917
	29	24	4135.883344569599
	29	25	9412.285083384917
	29	26	23301.888029521935
	29	27	22119.186410205628
	29	28	2830.4016827406394
	29	29	0.0
	29	30	3342.0114802227877
	29	31	3518.062219703906
	29	32	3770.6693065918394
	29	33	14332.94680485616
	30	0	10277.348706945282
	30	1	12809.731380692536
	30	2	5732.2532856298685
	30	3	23531.816130686322
	30	4	23515.171419900515
	30	5	10060.493191208068
	30	6	14458.705781745815
	30	7	16690.39026412135
	30	8	1492.8630699045198
	30	9	660.881066959345
	30	10	12774.958818284604
	30	11	13674.080419254275
	30	12	8810.537142724736
	30	13	12285.960255133225
	30	14	14167.391177511297
	30	15	5248.162775424528
	30	16	9904.312387036567
	30	17	21068.225311469123
	30	18	28152.993198413544
	30	19	23892.534327114085
	30	20	24408.76422284418
	30	21	15048.45212220789
	30	22	6118.353746507914
	30	23	6118.353746507914
	30	24	3037.496684977111
	30	25	6118.353746507914
	30	26	19960.024705088377
	30	27	18777.310784950674
	30	28	599.4538646423871
	30	29	3342.0114802227877
	30	30	0.0
	30	31	6835.42714820152
	30	32	431.27463085772786
	30	33	11031.100140459388
	31	0	17098.023077372698
	31	1	19620.517240414592
	31	2	12515.663716141911
	31	3	30366.572147486073
	31	4	30350.09997334924
	31	5	16801.173031641985
	31	6	21289.869120635543
	31	7	23523.407497728836
	31	8	7966.384254866356
	31	9	7496.285143820587
	31	10	19580.760214990496
	31	11	20483.881878961245
	31	12	15635.543990369712
	31	13	19100.746836534443
	31	14	20974.03070839036
	31	15	11978.654370553075
	31	16	16633.691019287442
	31	17	27897.039502972322
	31	18	34987.97895985458
	31	19	30714.06090850564
	31	20	31241.13320544268
	31	21	21873.819236907533
	31	22	12810.645391932816
	31	23	12810.645391932816
	31	24	6759.1051838712965
	31	25	12810.645391932816
	31	26	26771.418560714246
	31	27	25589.272629999323
	31	28	6290.8477906128355
	31	29	3518.062219703906
	31	30	6835.42714820152
	31	31	0.0
	31	32	7266.518064679211
	31	33	17849.40993769231
	32	0	9846.747110467817
	32	1	12379.713740743156
	32	2	5306.398188056633
	32	3	23100.58564936921
	32	4	23083.955682118238
	32	5	9642.772745807197
	32	6	14028.613788502871
	32	7	16259.955918676153
	32	8	1235.5987240551808
	32	9	230.54104370816646
	32	10	12345.306063334703
	32	11	13244.0900935204
	32	12	8379.691285631383
	32	13	11855.684407591034
	32	14	13737.599062758996
	32	15	4829.894500824454
	32	16	9481.936638368785
	32	17	20637.04345629456
	32	18	27722.11900686442
	32	19	23463.561508359788
	32	20	23978.386727633217
	32	21	14617.454620800101
	32	22	5711.783081655752
	32	23	5711.783081655752
	32	24	3183.720671451399
	32	25	5711.783081655752
	32	26	19532.31503775906
	32	27	18349.584382544002
	32	28	1012.4492031815169
	32	29	3770.6693065918394
	32	30	431.27463085772786
	32	31	7266.518064679211
	32	32	0.0
	32	33	10600.63254734737
	33	0	755.8519912655909
	33	1	1787.6576681487252
	33	2	5349.795151726894
	33	3	12557.655547994225
	33	4	12544.462085675625
	33	5	3354.1610370523085
	33	6	3816.1647231928428
	33	7	5894.631709841907
	33	8	10132.767441210408
	33	9	10373.64861276073
	33	10	1769.528850516057
	33	11	2650.2649475512926
	33	12	2226.5045075296543
	33	13	1257.4187737501632
	33	14	3147.9903314713697
	33	15	5935.5954424018155
	33	16	1838.2776172566798
	33	17	10055.124148032604
	33	18	17217.27860486009
	33	19	13128.32344988851
	33	20	13531.12230482648
	33	21	4029.880594421949
	33	22	5845.962674144173
	33	23	5845.962674144173
	33	24	12379.399984625466
	33	25	5845.962674144173
	33	26	9350.047558699487
	33	27	8198.505619679345
	33	28	11601.21833149055
	33	29	14332.94680485616
	33	30	11031.100140459388
	33	31	17849.40993769231
	33	32	10600.63254734737
	33	33	0.0
;
param tim := 
	0	0	0
	0	1	2
	0	2	2
	0	3	6
	0	4	6
	0	5	2
	0	6	2
	0	7	3
	0	8	4
	0	9	4
	0	10	2
	0	11	2
	0	12	1
	0	13	1
	0	14	2
	0	15	3
	0	16	1
	0	17	5
	0	18	8
	0	19	6
	0	20	6
	0	21	2
	0	22	3
	0	23	3
	0	24	5
	0	25	3
	0	26	5
	0	27	4
	0	28	5
	0	29	6
	0	30	5
	0	31	7
	0	32	4
	0	33	1
	1	0	2
	1	1	0
	1	2	3
	1	3	5
	1	4	5
	1	5	2
	1	6	2
	1	7	2
	1	8	5
	1	9	5
	1	10	1
	1	11	1
	1	12	2
	1	13	1
	1	14	1
	1	15	4
	1	16	2
	1	17	4
	1	18	7
	1	19	5
	1	20	5
	1	21	1
	1	22	4
	1	23	4
	1	24	6
	1	25	4
	1	26	4
	1	27	3
	1	28	6
	1	29	7
	1	30	6
	1	31	8
	1	32	5
	1	33	1
	2	0	2
	2	1	3
	2	2	0
	2	3	8
	2	4	8
	2	5	3
	2	6	4
	2	7	5
	2	8	3
	2	9	3
	2	10	3
	2	11	4
	2	12	2
	2	13	3
	2	14	4
	2	15	1
	2	16	2
	2	17	7
	2	18	10
	2	19	8
	2	20	8
	2	21	4
	2	22	2
	2	23	2
	2	24	4
	2	25	2
	2	26	6
	2	27	6
	2	28	3
	2	29	4
	2	30	3
	2	31	6
	2	32	3
	2	33	3
	3	0	6
	3	1	5
	3	2	8
	3	3	0
	3	4	1
	3	5	6
	3	6	4
	3	7	3
	3	8	10
	3	9	10
	3	10	5
	3	11	4
	3	12	6
	3	13	5
	3	14	4
	3	15	8
	3	16	6
	3	17	2
	3	18	2
	3	19	1
	3	20	1
	3	21	4
	3	22	8
	3	23	8
	3	24	10
	3	25	8
	3	26	2
	3	27	3
	3	28	10
	3	29	11
	3	30	10
	3	31	13
	3	32	10
	3	33	6
	4	0	6
	4	1	5
	4	2	8
	4	3	1
	4	4	0
	4	5	6
	4	6	4
	4	7	3
	4	8	9
	4	9	10
	4	10	5
	4	11	4
	4	12	6
	4	13	5
	4	14	4
	4	15	8
	4	16	6
	4	17	2
	4	18	2
	4	19	1
	4	20	1
	4	21	4
	4	22	8
	4	23	8
	4	24	10
	4	25	8
	4	26	2
	4	27	3
	4	28	10
	4	29	11
	4	30	10
	4	31	13
	4	32	10
	4	33	6
	5	0	2
	5	1	2
	5	2	3
	5	3	6
	5	4	6
	5	5	0
	5	6	2
	5	7	3
	5	8	4
	5	9	4
	5	10	2
	5	11	3
	5	12	2
	5	13	2
	5	14	3
	5	15	3
	5	16	2
	5	17	5
	5	18	8
	5	19	6
	5	20	6
	5	21	3
	5	22	2
	5	23	2
	5	24	5
	5	25	2
	5	26	5
	5	27	4
	5	28	5
	5	29	6
	5	30	5
	5	31	7
	5	32	4
	5	33	2
	6	0	2
	6	1	2
	6	2	4
	6	3	4
	6	4	4
	6	5	2
	6	6	0
	6	7	1
	6	8	6
	6	9	6
	6	10	2
	6	11	1
	6	12	3
	6	13	2
	6	14	1
	6	15	4
	6	16	3
	6	17	3
	6	18	6
	6	19	4
	6	20	4
	6	21	1
	6	22	4
	6	23	4
	6	24	7
	6	25	4
	6	26	3
	6	27	2
	6	28	6
	6	29	8
	6	30	6
	6	31	9
	6	32	6
	6	33	2
	7	0	3
	7	1	2
	7	2	5
	7	3	3
	7	4	3
	7	5	3
	7	6	1
	7	7	0
	7	8	7
	7	9	7
	7	10	2
	7	11	2
	7	12	4
	7	13	2
	7	14	2
	7	15	5
	7	16	4
	7	17	2
	7	18	5
	7	19	3
	7	20	4
	7	21	1
	7	22	5
	7	23	5
	7	24	8
	7	25	5
	7	26	2
	7	27	1
	7	28	7
	7	29	9
	7	30	7
	7	31	10
	7	32	7
	7	33	3
	8	0	4
	8	1	5
	8	2	3
	8	3	10
	8	4	9
	8	5	4
	8	6	6
	8	7	7
	8	8	0
	8	9	1
	8	10	5
	8	11	6
	8	12	4
	8	13	5
	8	14	6
	8	15	2
	8	16	4
	8	17	9
	8	18	11
	8	19	10
	8	20	10
	8	21	6
	8	22	2
	8	23	2
	8	24	2
	8	25	2
	8	26	8
	8	27	8
	8	28	1
	8	29	2
	8	30	1
	8	31	4
	8	32	1
	8	33	5
	9	0	4
	9	1	5
	9	2	3
	9	3	10
	9	4	10
	9	5	4
	9	6	6
	9	7	7
	9	8	1
	9	9	0
	9	10	5
	9	11	6
	9	12	4
	9	13	5
	9	14	6
	9	15	2
	9	16	4
	9	17	9
	9	18	11
	9	19	10
	9	20	10
	9	21	6
	9	22	3
	9	23	3
	9	24	2
	9	25	3
	9	26	8
	9	27	8
	9	28	1
	9	29	2
	9	30	1
	9	31	3
	9	32	1
	9	33	5
	10	0	2
	10	1	1
	10	2	3
	10	3	5
	10	4	5
	10	5	2
	10	6	2
	10	7	2
	10	8	5
	10	9	5
	10	10	0
	10	11	1
	10	12	2
	10	13	1
	10	14	1
	10	15	4
	10	16	2
	10	17	4
	10	18	7
	10	19	5
	10	20	5
	10	21	1
	10	22	4
	10	23	4
	10	24	6
	10	25	4
	10	26	4
	10	27	3
	10	28	6
	10	29	7
	10	30	6
	10	31	8
	10	32	5
	10	33	1
	11	0	2
	11	1	1
	11	2	4
	11	3	4
	11	4	4
	11	5	3
	11	6	1
	11	7	2
	11	8	6
	11	9	6
	11	10	1
	11	11	0
	11	12	2
	11	13	1
	11	14	1
	11	15	4
	11	16	2
	11	17	3
	11	18	6
	11	19	5
	11	20	5
	11	21	1
	11	22	4
	11	23	4
	11	24	7
	11	25	4
	11	26	3
	11	27	3
	11	28	6
	11	29	7
	11	30	6
	11	31	9
	11	32	6
	11	33	2
	12	0	1
	12	1	2
	12	2	2
	12	3	6
	12	4	6
	12	5	2
	12	6	3
	12	7	4
	12	8	4
	12	9	4
	12	10	2
	12	11	2
	12	12	0
	12	13	2
	12	14	3
	12	15	2
	12	16	1
	12	17	5
	12	18	8
	12	19	7
	12	20	7
	12	21	3
	12	22	2
	12	23	2
	12	24	5
	12	25	2
	12	26	5
	12	27	5
	12	28	4
	12	29	5
	12	30	4
	12	31	7
	12	32	4
	12	33	1
	13	0	1
	13	1	1
	13	2	3
	13	3	5
	13	4	5
	13	5	2
	13	6	2
	13	7	2
	13	8	5
	13	9	5
	13	10	1
	13	11	1
	13	12	2
	13	13	0
	13	14	1
	13	15	3
	13	16	2
	13	17	4
	13	18	7
	13	19	5
	13	20	5
	13	21	2
	13	22	3
	13	23	3
	13	24	6
	13	25	3
	13	26	4
	13	27	3
	13	28	6
	13	29	7
	13	30	5
	13	31	8
	13	32	5
	13	33	1
	14	0	2
	14	1	1
	14	2	4
	14	3	4
	14	4	4
	14	5	3
	14	6	1
	14	7	2
	14	8	6
	14	9	6
	14	10	1
	14	11	1
	14	12	3
	14	13	1
	14	14	0
	14	15	4
	14	16	2
	14	17	3
	14	18	6
	14	19	5
	14	20	5
	14	21	1
	14	22	4
	14	23	4
	14	24	7
	14	25	4
	14	26	3
	14	27	3
	14	28	6
	14	29	7
	14	30	6
	14	31	9
	14	32	6
	14	33	2
	15	0	3
	15	1	4
	15	2	1
	15	3	8
	15	4	8
	15	5	3
	15	6	4
	15	7	5
	15	8	2
	15	9	2
	15	10	4
	15	11	4
	15	12	2
	15	13	3
	15	14	4
	15	15	0
	15	16	2
	15	17	7
	15	18	10
	15	19	8
	15	20	8
	15	21	4
	15	22	2
	15	23	2
	15	24	3
	15	25	2
	15	26	7
	15	27	6
	15	28	3
	15	29	4
	15	30	3
	15	31	5
	15	32	2
	15	33	3
	16	0	1
	16	1	2
	16	2	2
	16	3	6
	16	4	6
	16	5	2
	16	6	3
	16	7	4
	16	8	4
	16	9	4
	16	10	2
	16	11	2
	16	12	1
	16	13	2
	16	14	2
	16	15	2
	16	16	0
	16	17	5
	16	18	8
	16	19	6
	16	20	7
	16	21	3
	16	22	3
	16	23	3
	16	24	5
	16	25	3
	16	26	5
	16	27	4
	16	28	5
	16	29	6
	16	30	4
	16	31	7
	16	32	4
	16	33	1
	17	0	5
	17	1	4
	17	2	7
	17	3	2
	17	4	2
	17	5	5
	17	6	3
	17	7	2
	17	8	9
	17	9	9
	17	10	4
	17	11	3
	17	12	5
	17	13	4
	17	14	3
	17	15	7
	17	16	5
	17	17	0
	17	18	3
	17	19	2
	17	20	2
	17	21	3
	17	22	7
	17	23	7
	17	24	9
	17	25	7
	17	26	2
	17	27	2
	17	28	9
	17	29	10
	17	30	9
	17	31	12
	17	32	9
	17	33	5
	18	0	8
	18	1	7
	18	2	10
	18	3	2
	18	4	2
	18	5	8
	18	6	6
	18	7	5
	18	8	11
	18	9	11
	18	10	7
	18	11	6
	18	12	8
	18	13	7
	18	14	6
	18	15	10
	18	16	8
	18	17	3
	18	18	0
	18	19	2
	18	20	2
	18	21	6
	18	22	9
	18	23	9
	18	24	12
	18	25	9
	18	26	4
	18	27	4
	18	28	12
	18	29	13
	18	30	12
	18	31	14
	18	32	12
	18	33	7
	19	0	6
	19	1	5
	19	2	8
	19	3	1
	19	4	1
	19	5	6
	19	6	4
	19	7	3
	19	8	10
	19	9	10
	19	10	5
	19	11	5
	19	12	7
	19	13	5
	19	14	5
	19	15	8
	19	16	6
	19	17	2
	19	18	2
	19	19	0
	19	20	1
	19	21	4
	19	22	8
	19	23	8
	19	24	10
	19	25	8
	19	26	2
	19	27	3
	19	28	10
	19	29	11
	19	30	10
	19	31	13
	19	32	10
	19	33	6
	20	0	6
	20	1	5
	20	2	8
	20	3	1
	20	4	1
	20	5	6
	20	6	4
	20	7	4
	20	8	10
	20	9	10
	20	10	5
	20	11	5
	20	12	7
	20	13	5
	20	14	5
	20	15	8
	20	16	7
	20	17	2
	20	18	2
	20	19	1
	20	20	0
	20	21	4
	20	22	8
	20	23	8
	20	24	11
	20	25	8
	20	26	2
	20	27	3
	20	28	10
	20	29	12
	20	30	10
	20	31	13
	20	32	10
	20	33	6
	21	0	2
	21	1	1
	21	2	4
	21	3	4
	21	4	4
	21	5	3
	21	6	1
	21	7	1
	21	8	6
	21	9	6
	21	10	1
	21	11	1
	21	12	3
	21	13	2
	21	14	1
	21	15	4
	21	16	3
	21	17	3
	21	18	6
	21	19	4
	21	20	4
	21	21	0
	21	22	4
	21	23	4
	21	24	7
	21	25	4
	21	26	3
	21	27	2
	21	28	7
	21	29	8
	21	30	7
	21	31	9
	21	32	6
	21	33	2
	22	0	3
	22	1	4
	22	2	2
	22	3	8
	22	4	8
	22	5	2
	22	6	4
	22	7	5
	22	8	2
	22	9	3
	22	10	4
	22	11	4
	22	12	2
	22	13	3
	22	14	4
	22	15	2
	22	16	3
	22	17	7
	22	18	9
	22	19	8
	22	20	8
	22	21	4
	22	22	0
	22	23	0
	22	24	3
	22	25	0
	22	26	6
	22	27	6
	22	28	3
	22	29	4
	22	30	3
	22	31	6
	22	32	3
	22	33	3
	23	0	3
	23	1	4
	23	2	2
	23	3	8
	23	4	8
	23	5	2
	23	6	4
	23	7	5
	23	8	2
	23	9	3
	23	10	4
	23	11	4
	23	12	2
	23	13	3
	23	14	4
	23	15	2
	23	16	3
	23	17	7
	23	18	9
	23	19	8
	23	20	8
	23	21	4
	23	22	0
	23	23	0
	23	24	3
	23	25	0
	23	26	6
	23	27	6
	23	28	3
	23	29	4
	23	30	3
	23	31	6
	23	32	3
	23	33	3
	24	0	5
	24	1	6
	24	2	4
	24	3	10
	24	4	10
	24	5	5
	24	6	7
	24	7	8
	24	8	2
	24	9	2
	24	10	6
	24	11	7
	24	12	5
	24	13	6
	24	14	7
	24	15	3
	24	16	5
	24	17	9
	24	18	12
	24	19	10
	24	20	11
	24	21	7
	24	22	3
	24	23	3
	24	24	0
	24	25	3
	24	26	9
	24	27	8
	24	28	2
	24	29	2
	24	30	2
	24	31	3
	24	32	2
	24	33	5
	25	0	3
	25	1	4
	25	2	2
	25	3	8
	25	4	8
	25	5	2
	25	6	4
	25	7	5
	25	8	2
	25	9	3
	25	10	4
	25	11	4
	25	12	2
	25	13	3
	25	14	4
	25	15	2
	25	16	3
	25	17	7
	25	18	9
	25	19	8
	25	20	8
	25	21	4
	25	22	0
	25	23	0
	25	24	3
	25	25	0
	25	26	6
	25	27	6
	25	28	3
	25	29	4
	25	30	3
	25	31	6
	25	32	3
	25	33	3
	26	0	5
	26	1	4
	26	2	6
	26	3	2
	26	4	2
	26	5	5
	26	6	3
	26	7	2
	26	8	8
	26	9	8
	26	10	4
	26	11	3
	26	12	5
	26	13	4
	26	14	3
	26	15	7
	26	16	5
	26	17	2
	26	18	4
	26	19	2
	26	20	2
	26	21	3
	26	22	6
	26	23	6
	26	24	9
	26	25	6
	26	26	0
	26	27	1
	26	28	9
	26	29	10
	26	30	8
	26	31	11
	26	32	8
	26	33	4
	27	0	4
	27	1	3
	27	2	6
	27	3	3
	27	4	3
	27	5	4
	27	6	2
	27	7	1
	27	8	8
	27	9	8
	27	10	3
	27	11	3
	27	12	5
	27	13	3
	27	14	3
	27	15	6
	27	16	4
	27	17	2
	27	18	4
	27	19	3
	27	20	3
	27	21	2
	27	22	6
	27	23	6
	27	24	8
	27	25	6
	27	26	1
	27	27	0
	27	28	8
	27	29	9
	27	30	8
	27	31	11
	27	32	8
	27	33	4
	28	0	5
	28	1	6
	28	2	3
	28	3	10
	28	4	10
	28	5	5
	28	6	6
	28	7	7
	28	8	1
	28	9	1
	28	10	6
	28	11	6
	28	12	4
	28	13	6
	28	14	6
	28	15	3
	28	16	5
	28	17	9
	28	18	12
	28	19	10
	28	20	10
	28	21	7
	28	22	3
	28	23	3
	28	24	2
	28	25	3
	28	26	9
	28	27	8
	28	28	0
	28	29	2
	28	30	1
	28	31	3
	28	32	1
	28	33	5
	29	0	6
	29	1	7
	29	2	4
	29	3	11
	29	4	11
	29	5	6
	29	6	8
	29	7	9
	29	8	2
	29	9	2
	29	10	7
	29	11	7
	29	12	5
	29	13	7
	29	14	7
	29	15	4
	29	16	6
	29	17	10
	29	18	13
	29	19	11
	29	20	12
	29	21	8
	29	22	4
	29	23	4
	29	24	2
	29	25	4
	29	26	10
	29	27	9
	29	28	2
	29	29	0
	29	30	2
	29	31	2
	29	32	2
	29	33	6
	30	0	5
	30	1	6
	30	2	3
	30	3	10
	30	4	10
	30	5	5
	30	6	6
	30	7	7
	30	8	1
	30	9	1
	30	10	6
	30	11	6
	30	12	4
	30	13	5
	30	14	6
	30	15	3
	30	16	4
	30	17	9
	30	18	12
	30	19	10
	30	20	10
	30	21	7
	30	22	3
	30	23	3
	30	24	2
	30	25	3
	30	26	8
	30	27	8
	30	28	1
	30	29	2
	30	30	0
	30	31	3
	30	32	1
	30	33	5
	31	0	7
	31	1	8
	31	2	6
	31	3	13
	31	4	13
	31	5	7
	31	6	9
	31	7	10
	31	8	4
	31	9	3
	31	10	8
	31	11	9
	31	12	7
	31	13	8
	31	14	9
	31	15	5
	31	16	7
	31	17	12
	31	18	14
	31	19	13
	31	20	13
	31	21	9
	31	22	6
	31	23	6
	31	24	3
	31	25	6
	31	26	11
	31	27	11
	31	28	3
	31	29	2
	31	30	3
	31	31	0
	31	32	3
	31	33	8
	32	0	4
	32	1	5
	32	2	3
	32	3	10
	32	4	10
	32	5	4
	32	6	6
	32	7	7
	32	8	1
	32	9	1
	32	10	5
	32	11	6
	32	12	4
	32	13	5
	32	14	6
	32	15	2
	32	16	4
	32	17	9
	32	18	12
	32	19	10
	32	20	10
	32	21	6
	32	22	3
	32	23	3
	32	24	2
	32	25	3
	32	26	8
	32	27	8
	32	28	1
	32	29	2
	32	30	1
	32	31	3
	32	32	0
	32	33	5
	33	0	1
	33	1	1
	33	2	3
	33	3	6
	33	4	6
	33	5	2
	33	6	2
	33	7	3
	33	8	5
	33	9	5
	33	10	1
	33	11	2
	33	12	1
	33	13	1
	33	14	2
	33	15	3
	33	16	1
	33	17	5
	33	18	7
	33	19	6
	33	20	6
	33	21	2
	33	22	3
	33	23	3
	33	24	5
	33	25	3
	33	26	4
	33	27	4
	33	28	5
	33	29	6
	33	30	5
	33	31	8
	33	32	5
	33	33	0
;
